14/06/17 13:40:23	 -968	  344	  280	-4096	  766	-4096	 1023	  562	  513
14/06/17 13:40:23	 -968	  344	  280	-4096	  767	-4096	 1023	  562	  513
14/06/17 13:40:23	 -964	  340	  288	-4096	  767	-4096	 1023	  566	  513
14/06/17 13:40:23	 -964	  340	  288	-4096	  767	-4096	 1023	  565	  513
14/06/17 13:40:23	 -964	  340	  288	-4096	  767	-4096	 1023	  566	  513
14/06/17 13:40:23	 -976	  336	  280	-4096	  767	-4096	 1023	  566	  513
14/06/17 13:40:23	 -976	  336	  280	-4096	  767	-4096	 1023	  565	  513
14/06/17 13:40:23	 -976	  336	  280	-4096	  767	-4096	 1023	  563	  514
14/06/17 13:40:23	 -972	  336	  280	-4096	  767	-4096	 1023	  563	  513
14/06/17 13:40:23	 -972	  336	  280	-4096	  767	-4096	 1023	  564	  513
14/06/17 13:40:23	 -972	  336	  280	-4096	  767	-4096	 1023	  562	  513
14/06/17 13:40:23	 -968	  336	  288	-4096	  767	-4096	 1023	  563	  513
14/06/17 13:40:23	 -968	  336	  288	-4096	  768	-4096	 1023	  562	  513
14/06/17 13:40:23	 -968	  336	  288	-4096	  768	-4096	 1023	  563	  513
14/06/17 13:40:23	 -972	  340	  288	-4096	  767	-4096	 1023	  562	  513
14/06/17 13:40:23	 -972	  340	  288	-4096	  767	-4096	 1023	  565	  512
14/06/17 13:40:23	 -972	  340	  288	-4096	  767	-4096	 1023	  562	  513
14/06/17 13:40:23	 -972	  340	  288	-4096	  767	-4096	 1023	  563	  513
14/06/17 13:40:23	 -980	  336	  284	-4096	  765	-4096	 1023	  565	  512
14/06/17 13:40:23	 -980	  336	  284	-4096	  765	-4096	 1023	  563	  513
14/06/17 13:40:23	 -980	  336	  284	-4096	  767	-4096	 1023	  562	  513
14/06/17 13:40:23	 -976	  336	  288	-4096	  767	-4096	 1023	  564	  513
14/06/17 13:40:23	 -976	  336	  288	-4096	  769	-4096	 1023	  564	  513
14/06/17 13:40:23	 -976	  336	  288	-4096	  769	-4096	 1023	  563	  513
14/06/17 13:40:23	 -976	  336	  292	-4096	  766	-4096	 1023	  560	  513
14/06/17 13:40:23	 -976	  336	  292	-4096	  766	-4096	 1023	  563	  513
14/06/17 13:40:23	 -976	  336	  292	-4096	  768	-4096	 1023	  566	  513
14/06/17 13:40:23	 -968	  340	  288	-4096	  768	-4096	 1023	  564	  513
14/06/17 13:40:23	 -968	  340	  288	-4096	  768	-4096	 1023	  565	  513
14/06/17 13:40:24	 -968	  340	  288	-4096	  768	-4096	 1023	  567	  513
14/06/17 13:40:24	 -968	  336	  292	-4096	  766	-4096	 1023	  565	  513
14/06/17 13:40:24	 -968	  336	  292	-4096	  766	-4096	 1023	  564	  513
14/06/17 13:40:24	 -968	  336	  292	-4096	  766	-4096	 1023	  566	  513
14/06/17 13:40:24	 -968	  336	  292	-4096	  767	-4096	 1023	  564	  513
14/06/17 13:40:24	 -968	  336	  280	-4096	  767	-4096	 1023	  566	  512
14/06/17 13:40:24	 -968	  336	  280	-4096	  763	-4096	 1023	  564	  513
14/06/17 13:40:24	 -968	  336	  280	-4096	  763	-4096	 1023	  567	  513
14/06/17 13:40:24	 -972	  340	  272	-4096	  767	-4096	 1023	  563	  513
14/06/17 13:40:24	 -972	  340	  272	-4096	  767	-4096	 1023	  562	  513
14/06/17 13:40:24	 -972	  340	  272	-4096	  766	-4096	 1023	  563	  513
14/06/17 13:40:24	 -976	  340	  280	-4096	  766	-4096	 1023	  565	  513
14/06/17 13:40:24	 -976	  340	  280	-4096	  768	-4096	 1023	  565	  512
14/06/17 13:40:24	 -976	  340	  280	-4096	  768	-4096	 1023	  563	  513
14/06/17 13:40:24	 -976	  344	  284	-4096	  765	-4096	 1023	  562	  513
14/06/17 13:40:24	 -976	  344	  284	-4096	  765	-4096	 1023	  563	  513
14/06/17 13:40:24	 -976	  344	  284	-4096	  768	-4096	 1023	  564	  513
14/06/17 13:40:24	 -976	  340	  288	-4096	  768	-4096	 1023	  561	  513
14/06/17 13:40:24	 -976	  340	  288	-4096	  768	-4096	 1023	  565	  513
14/06/17 13:40:24	 -976	  340	  288	-4096	  768	-4096	 1023	  565	  513
14/06/17 13:40:24	 -972	  340	  284	-4096	  767	-4096	 1023	  566	  513
14/06/17 13:40:24	 -972	  340	  284	-4096	  767	-4096	 1023	  563	  513
14/06/17 13:40:24	 -972	  340	  284	-4096	  764	-4096	 1023	  563	  513
14/06/17 13:40:24	 -980	  336	  284	-4096	  764	-4096	 1023	  564	  513
14/06/17 13:40:24	 -980	  336	  284	-4096	  766	-4096	 1023	  566	  512
14/06/17 13:40:24	 -980	  336	  284	-4096	  766	-4096	 1023	  562	  513
14/06/17 13:40:24	 -980	  336	  284	-4096	  767	-4096	 1023	  564	  513
14/06/17 13:40:24	 -972	  336	  284	-4096	  767	-4096	 1023	  565	  513
14/06/17 13:40:24	 -972	  336	  284	-4096	  766	-4096	 1023	  563	  513
14/06/17 13:40:24	 -972	  336	  284	-4096	  766	-4096	 1023	  565	  513
14/06/17 13:40:24	 -968	  340	  284	-4096	  766	-4096	 1023	  563	  512
14/06/17 13:40:24	 -968	  340	  284	-4096	  766	-4096	 1023	  563	  513
14/06/17 13:40:25	 -968	  340	  284	-4096	  764	-4096	 1023	  563	  513
14/06/17 13:40:25	 -972	  340	  288	-4096	  764	-4096	 1023	  565	  513
14/06/17 13:40:25	 -972	  340	  288	-4096	  766	-4096	 1023	  567	  513
14/06/17 13:40:25	 -972	  340	  288	-4096	  766	-4096	 1023	  562	  513
14/06/17 13:40:25	 -964	  340	  288	-4096	  769	-4096	 1023	  566	  513
14/06/17 13:40:25	 -964	  340	  288	-4096	  769	-4096	 1023	  562	  513
14/06/17 13:40:25	 -964	  340	  288	-4096	  766	-4096	 1023	  566	  512
14/06/17 13:40:25	 -968	  340	  288	-4096	  766	-4096	 1023	  565	  513
14/06/17 13:40:25	 -968	  340	  288	-4096	  766	-4096	 1023	  563	  513
14/06/17 13:40:25	 -968	  340	  288	-4096	  767	-4096	 1023	  564	  513
14/06/17 13:40:25	 -968	  340	  288	-4096	  767	-4096	 1023	  565	  512
14/06/17 13:40:25	 -972	  344	  288	-4096	  766	-4096	 1023	  562	  513
14/06/17 13:40:25	 -972	  344	  288	-4096	  766	-4096	 1023	  566	  513
14/06/17 13:40:25	 -972	  344	  288	-4096	  768	-4096	 1023	  562	  513
14/06/17 13:40:25	 -968	  336	  288	-4096	  768	-4096	 1023	  565	  513
14/06/17 13:40:25	 -968	  336	  288	-4096	  765	-4096	 1023	  564	  513
14/06/17 13:40:25	 -968	  336	  288	-4096	  765	-4096	 1023	  563	  513
14/06/17 13:40:25	 -968	  336	  284	-4096	  767	-4096	 1023	  563	  513
14/06/17 13:40:25	 -968	  336	  284	-4096	  767	-4096	 1023	  563	  513
14/06/17 13:40:25	 -968	  336	  284	-4096	  765	-4096	 1023	  564	  513
14/06/17 13:40:25	 -976	  340	  280	-4096	  765	-4096	 1023	  567	  513
14/06/17 13:40:25	 -976	  340	  280	-4096	  768	-4096	 1023	  565	  513
14/06/17 13:40:25	 -976	  340	  280	-4096	  768	-4096	 1023	  566	  512
14/06/17 13:40:25	 -976	  340	  280	-4096	  767	-4096	 1023	  564	  513
14/06/17 13:40:25	 -964	  348	  292	-4096	  767	-4096	 1023	  566	  513
14/06/17 13:40:25	 -964	  348	  292	-4096	  766	-4096	 1023	  561	  513
14/06/17 13:40:25	 -964	  348	  292	-4096	  766	-4096	 1023	  566	  513
14/06/17 13:40:25	 -972	  336	  280	-4096	  767	-4096	 1023	  563	  513
14/06/17 13:40:25	 -972	  336	  280	-4096	  767	-4096	 1023	  566	  513
14/06/17 13:40:25	 -972	  336	  280	-4096	  767	-4096	 1023	  563	  513
14/06/17 13:40:25	 -976	  336	  276	-4096	  766	-4096	 1023	  565	  512
14/06/17 13:40:26	 -976	  336	  276	-4096	  769	-4096	 1023	  561	  513
14/06/17 13:40:26	 -980	  344	  288	-4096	  769	-4096	 1023	  565	  513
14/06/17 13:40:26	 -980	  344	  288	-4096	  768	-4096	 1023	  563	  513
14/06/17 13:40:26	 -980	  344	  288	-4096	  768	-4096	 1023	  565	  512
14/06/17 13:40:26	 -980	  344	  288	-4096	  765	-4096	 1023	  561	  513
14/06/17 13:40:26	 -972	  336	  280	-4096	  765	-4096	 1023	  563	  513
14/06/17 13:40:26	 -972	  336	  280	-4096	  766	-4096	 1023	  566	  513
14/06/17 13:40:26	 -972	  336	  280	-4096	  766	-4096	 1023	  563	  513
14/06/17 13:40:26	 -972	  336	  284	-4096	  768	-4096	 1023	  565	  513
14/06/17 13:40:26	 -972	  336	  284	-4096	  768	-4096	 1023	  563	  513
14/06/17 13:40:26	 -972	  336	  284	-4096	  768	-4096	 1023	  566	  512
14/06/17 13:40:26	 -968	  336	  276	-4096	  768	-4096	 1023	  564	  513
14/06/17 13:40:26	 -968	  336	  276	-4096	  769	-4096	 1023	  564	  513
14/06/17 13:40:26	 -968	  336	  276	-4096	  769	-4096	 1023	  565	  513
14/06/17 13:40:26	 -972	  336	  284	-4096	  768	-4096	 1023	  566	  513
14/06/17 13:40:26	 -972	  336	  284	-4096	  768	-4096	 1023	  565	  512
14/06/17 13:40:26	 -972	  336	  284	-4096	  768	-4096	 1023	  562	  513
14/06/17 13:40:26	 -972	  336	  284	-4096	  767	-4096	 1023	  564	  512
14/06/17 13:40:26	 -976	  332	  292	-4096	  767	-4096	 1023	  564	  513
14/06/17 13:40:26	 -976	  332	  292	-4096	  767	-4096	 1023	  566	  513
14/06/17 13:40:26	 -976	  332	  292	-4096	  767	-4096	 1023	  565	  512
14/06/17 13:40:26	 -980	  340	  280	-4096	  766	-4096	 1023	  565	  513
14/06/17 13:40:26	 -980	  340	  280	-4096	  766	-4096	 1023	  565	  513
14/06/17 13:40:26	 -980	  340	  280	-4096	  766	-4096	 1023	  564	  513
14/06/17 13:40:26	 -980	  336	  292	-4096	  766	-4096	 1023	  561	  513
14/06/17 13:40:26	 -980	  336	  292	-4096	  767	-4096	 1023	  567	  512
14/06/17 13:40:26	 -980	  336	  292	-4096	  767	-4096	 1023	  564	  513
14/06/17 13:40:26	 -968	  340	  276	-4096	  769	-4096	 1023	  562	  513
14/06/17 13:40:26	 -968	  340	  276	-4096	  769	-4096	 1023	  562	  513
14/06/17 13:40:26	 -968	  340	  276	-4096	  769	-4096	 1023	  564	  513
14/06/17 13:40:26	 -968	  336	  276	-4096	  769	-4096	 1023	  563	  513
14/06/17 13:40:26	 -968	  336	  276	-4096	  769	-4096	 1023	  562	  513
14/06/17 13:40:26	 -968	  336	  276	-4096	  769	-4096	 1023	  564	  513
14/06/17 13:40:27	 -968	  336	  276	-4096	  767	-4096	 1023	  565	  512
14/06/17 13:40:27	 -976	  344	  280	-4096	  767	-4096	 1023	  566	  513
14/06/17 13:40:27	 -976	  344	  280	-4096	  769	-4096	 1023	  566	  513
14/06/17 13:40:27	 -976	  344	  280	-4096	  769	-4096	 1023	  566	  513
14/06/17 13:40:27	 -968	  332	  284	-4096	  764	-4096	 1023	  565	  513
14/06/17 13:40:27	 -968	  332	  284	-4096	  764	-4096	 1023	  562	  513
14/06/17 13:40:27	 -968	  332	  284	-4096	  765	-4096	 1023	  564	  513
14/06/17 13:40:27	 -976	  344	  292	-4096	  765	-4096	 1023	  565	  513
14/06/17 13:40:27	 -976	  344	  292	-4096	  765	-4096	 1023	  563	  513
14/06/17 13:40:27	 -972	  340	  284	-4096	  767	-4096	 1023	  564	  513
14/06/17 13:40:27	 -972	  340	  284	-4096	  765	-4096	 1023	  565	  513
14/06/17 13:40:27	 -972	  340	  284	-4096	  765	-4096	 1023	  561	  513
14/06/17 13:40:27	 -972	  340	  284	-4096	  767	-4096	 1023	  566	  513
14/06/17 13:40:27	 -972	  344	  284	-4096	  767	-4096	 1023	  562	  513
14/06/17 13:40:27	 -972	  344	  284	-4096	  766	-4096	 1023	  564	  513
14/06/17 13:40:27	 -972	  344	  284	-4096	  766	-4096	 1023	  562	  513
14/06/17 13:40:27	 -968	  340	  288	-4096	  765	-4096	 1023	  563	  513
14/06/17 13:40:27	 -968	  340	  288	-4096	  765	-4096	 1023	  562	  513
14/06/17 13:40:27	 -968	  340	  288	-4096	  768	-4096	 1023	  565	  513
14/06/17 13:40:27	 -972	  336	  292	-4096	  768	-4096	 1023	  562	  513
14/06/17 13:40:27	 -972	  336	  292	-4096	  764	-4096	 1023	  562	  513
14/06/17 13:40:27	 -972	  336	  292	-4096	  764	-4096	 1023	  563	  513
14/06/17 13:40:27	 -972	  332	  272	-4096	  764	-4096	 1023	  562	  513
14/06/17 13:40:27	 -972	  332	  272	-4096	  764	-4096	 1023	  566	  513
14/06/17 13:40:27	 -972	  332	  272	-4096	  766	-4096	 1023	  565	  513
14/06/17 13:40:27	 -972	  336	  280	-4096	  766	-4096	 1023	  564	  513
14/06/17 13:40:27	 -972	  336	  280	-4096	  766	-4096	 1023	  563	  513
14/06/17 13:40:27	 -972	  336	  280	-4096	  769	-4096	 1023	  562	  513
14/06/17 13:40:27	 -972	  336	  280	-4096	  769	-4096	 1023	  566	  513
14/06/17 13:40:27	 -968	  344	  292	-4096	  769	-4096	 1023	  565	  512
14/06/17 13:40:27	 -968	  344	  292	-4096	  769	-4096	 1023	  563	  513
14/06/17 13:40:28	 -968	  344	  292	-4096	  767	-4096	 1023	  563	  513
14/06/17 13:40:28	 -976	  340	  284	-4096	  767	-4096	 1023	  563	  513
14/06/17 13:40:28	 -976	  340	  284	-4096	  770	-4096	 1023	  564	  513
14/06/17 13:40:28	 -976	  340	  284	-4096	  770	-4096	 1023	  562	  513
14/06/17 13:40:28	 -972	  340	  268	-4096	  768	-4096	 1023	  562	  513
14/06/17 13:40:28	 -972	  340	  268	-4096	  768	-4096	 1023	  563	  513
14/06/17 13:40:28	 -972	  340	  268	-4096	  768	-4096	 1023	  565	  513
14/06/17 13:40:28	 -972	  344	  284	-4096	  768	-4096	 1023	  565	  513
14/06/17 13:40:28	 -972	  344	  284	-4096	  765	-4096	 1023	  567	  513
14/06/17 13:40:28	 -972	  344	  284	-4096	  765	-4096	 1023	  560	  513
14/06/17 13:40:28	 -972	  344	  284	-4096	  765	-4096	 1023	  562	  513
14/06/17 13:40:28	 -972	  336	  292	-4096	  765	-4096	 1023	  566	  513
14/06/17 13:40:28	 -972	  336	  292	-4096	  766	-4096	 1023	  564	  513
14/06/17 13:40:28	 -972	  336	  292	-4096	  766	-4096	 1023	  562	  513
14/06/17 13:40:28	 -972	  348	  280	-4096	  767	-4096	 1023	  564	  513
14/06/17 13:40:28	 -972	  348	  280	-4096	  767	-4096	 1023	  565	  513
14/06/17 13:40:28	 -972	  348	  280	-4096	  767	-4096	 1023	  564	  513
14/06/17 13:40:28	 -972	  332	  288	-4096	  767	-4096	 1023	  563	  513
14/06/17 13:40:28	 -972	  332	  288	-4096	  767	-4096	 1023	  564	  513
14/06/17 13:40:28	 -972	  332	  288	-4096	  769	-4096	 1023	  565	  513
14/06/17 13:40:28	 -968	  336	  284	-4096	  769	-4096	 1023	  562	  513
14/06/17 13:40:28	 -968	  336	  284	-4096	  767	-4096	 1023	  565	  513
14/06/17 13:40:28	 -968	  336	  284	-4096	  767	-4096	 1023	  564	  513
14/06/17 13:40:28	 -968	  336	  280	-4096	  766	-4096	 1023	  566	  513
14/06/17 13:40:28	 -968	  336	  280	-4096	  766	-4096	 1023	  563	  513
14/06/17 13:40:28	 -968	  336	  280	-4096	  766	-4096	 1023	  564	  513
14/06/17 13:40:28	 -968	  340	  284	-4096	  766	-4096	 1023	  565	  513
14/06/17 13:40:28	 -968	  340	  284	-4096	  766	-4096	 1023	  564	  513
14/06/17 13:40:28	 -968	  340	  284	-4096	  766	-4096	 1023	  563	  513
14/06/17 13:40:28	 -976	  336	  284	-4096	  766	-4096	 1023	  565	  513
14/06/17 13:40:28	 -976	  336	  284	-4096	  766	-4096	 1023	  564	  513
14/06/17 13:40:28	 -976	  336	  284	-4096	  766	-4096	 1023	  565	  513
14/06/17 13:40:29	 -972	  340	  284	-4096	  769	-4096	 1023	  565	  512
14/06/17 13:40:29	 -972	  340	  284	-4096	  769	-4096	 1023	  565	  513
14/06/17 13:40:29	 -972	  340	  284	-4096	  767	-4096	 1023	  566	  513
14/06/17 13:40:29	 -972	  340	  284	-4096	  767	-4096	 1023	  565	  513
14/06/17 13:40:29	 -972	  328	  280	-4096	  767	-4096	 1023	  566	  512
14/06/17 13:40:29	 -972	  328	  280	-4096	  766	-4096	 1023	  564	  513
14/06/17 13:40:29	 -972	  328	  280	-4096	  766	-4096	 1023	  564	  513
14/06/17 13:40:29	 -976	  336	  284	-4096	  766	-4096	 1023	  561	  513
14/06/17 13:40:29	 -976	  336	  284	-4096	  766	-4096	 1023	  562	  513
14/06/17 13:40:29	 -976	  336	  284	-4096	  767	-4096	 1023	  564	  513
14/06/17 13:40:29	 -976	  344	  288	-4096	  767	-4096	 1023	  561	  513
14/06/17 13:40:29	 -976	  344	  288	-4096	  767	-4096	 1023	  562	  513
14/06/17 13:40:29	 -976	  344	  288	-4096	  767	-4096	 1023	  562	  513
14/06/17 13:40:29	 -968	  340	  280	-4096	  767	-4096	 1023	  563	  513
14/06/17 13:40:29	 -968	  340	  280	-4096	  767	-4096	 1023	  563	  513
14/06/17 13:40:29	 -968	  340	  280	-4096	  768	-4096	 1023	  563	  513
14/06/17 13:40:29	 -972	  336	  280	-4096	  768	-4096	 1023	  562	  513
14/06/17 13:40:29	 -972	  336	  280	-4096	  767	-4096	 1023	  565	  513
14/06/17 13:40:29	 -972	  336	  280	-4096	  767	-4096	 1023	  565	  513
14/06/17 13:40:29	 -972	  336	  280	-4096	  766	-4096	 1023	  565	  513
14/06/17 13:40:29	 -972	  336	  280	-4096	  766	-4096	 1023	  566	  512
14/06/17 13:40:29	 -972	  336	  280	-4096	  766	-4096	 1023	  563	  513
14/06/17 13:40:29	 -972	  336	  280	-4096	  766	-4096	 1023	  565	  513
14/06/17 13:40:29	 -980	  336	  280	-4096	  765	-4096	 1023	  562	  513
14/06/17 13:40:29	 -980	  336	  280	-4096	  765	-4096	 1023	  563	  513
14/06/17 13:40:29	 -980	  336	  280	-4096	  765	-4096	 1023	  567	  513
14/06/17 13:40:29	 -972	  344	  280	-4096	  767	-4096	 1023	  565	  513
14/06/17 13:40:29	 -972	  344	  280	-4096	  767	-4096	 1023	  564	  513
14/06/17 13:40:29	 -972	  344	  280	-4096	  769	-4096	 1023	  564	  513
14/06/17 13:40:29	 -968	  340	  288	-4096	  765	-4096	 1023	  561	  513
14/06/17 13:40:29	 -968	  340	  288	-4096	  765	-4096	 1023	  566	  512
14/06/17 13:40:30	 -968	  340	  288	-4096	  766	-4096	 1023	  565	  512
14/06/17 13:40:30	 -972	  340	  284	-4096	  766	-4096	 1023	  561	  513
14/06/17 13:40:30	 -972	  340	  284	-4096	  766	-4096	 1023	  565	  513
14/06/17 13:40:30	 -972	  340	  284	-4096	  766	-4096	 1023	  563	  513
14/06/17 13:40:30	 -968	  336	  280	-4096	  762	-4096	 1023	  565	  513
14/06/17 13:40:30	 -968	  336	  280	-4096	  762	-4096	 1023	  566	  513
14/06/17 13:40:30	 -972	  340	  284	-4096	  767	-4096	 1023	  563	  513
14/06/17 13:40:30	 -972	  340	  284	-4096	  766	-4096	 1023	  564	  513
14/06/17 13:40:30	 -972	  340	  284	-4096	  766	-4096	 1023	  565	  513
14/06/17 13:40:30	 -968	  336	  280	-4096	  767	-4096	 1023	  566	  513
14/06/17 13:40:30	 -968	  336	  280	-4096	  767	-4096	 1023	  565	  513
14/06/17 13:40:30	 -968	  336	  280	-4096	  765	-4096	 1023	  565	  513
14/06/17 13:40:30	 -968	  340	  284	-4096	  765	-4096	 1023	  565	  513
14/06/17 13:40:30	 -968	  340	  284	-4096	  767	-4096	 1023	  565	  513
14/06/17 13:40:30	 -968	  340	  284	-4096	  767	-4096	 1023	  562	  514
14/06/17 13:40:30	 -972	  340	  292	-4096	  767	-4096	 1023	  563	  513
14/06/17 13:40:30	 -972	  340	  292	-4096	  767	-4096	 1023	  562	  513
14/06/17 13:40:30	 -972	  340	  292	-4096	  767	-4096	 1023	  566	  513
14/06/17 13:40:30	-1132	  256	  304	-4096	  767	-4096	 1023	  564	  513
14/06/17 13:40:30	-1132	  256	  304	-4096	  745	-4096	 1023	  565	  513
14/06/17 13:40:30	-1132	  256	  304	-4096	  511	 1831	 1023	  561	  513
14/06/17 13:40:30	-1044	  292	  508	-4096	  511	 1831	 1023	  566	  512
14/06/17 13:40:30	-1044	  292	  508	-4096	  607	 1927	 1023	  562	  514
14/06/17 13:40:30	-1044	  292	  508	-4096	  607	 1927	 1023	  566	  512
14/06/17 13:40:30	-2028	 -276	 -448	-4096	  645	-4096	 1023	  563	  514
14/06/17 13:40:30	-2028	 -276	 -448	-4096	  645	-4096	 1023	  561	  513
14/06/17 13:40:30	-2028	 -276	 -448	-4096	  626	 1962	 1023	  565	  513
14/06/17 13:40:30	 -996	  100	  164	-4096	  626	 1962	 1023	  563	  513
14/06/17 13:40:30	 -996	  100	  164	-4096	  999	-4096	 1023	  563	  513
14/06/17 13:40:31	 -996	  100	  164	-4096	  999	-4096	 1023	  566	  513
14/06/17 13:40:31	 -828	  396	  408	-4096	  539	-4096	 1023	  566	  513
14/06/17 13:40:31	 -828	  396	  408	-4096	  539	-4096	 1023	  563	  513
14/06/17 13:40:31	 -692	  300	  272	-4096	  739	 1956	 1023	  564	  513
14/06/17 13:40:31	 -692	  300	  272	-4096	  739	 1956	 1023	  562	  514
14/06/17 13:40:31	 -692	  300	  272	-4096	  668	 2024	 1023	  565	  512
14/06/17 13:40:31	-1016	  428	  500	-4096	  941	-4096	 1023	  562	  514
14/06/17 13:40:31	-1016	  428	  500	-4096	  941	-4096	 1023	  562	  513
14/06/17 13:40:31	-1016	  428	  500	-4096	  585	-4096	 1023	  566	  512
14/06/17 13:40:31	 -980	  292	  444	-4096	  585	-4096	 1023	  566	  512
14/06/17 13:40:31	 -980	  292	  444	-4096	  751	 1957	 1023	  562	  514
14/06/17 13:40:31	 -980	  292	  444	-4096	  751	 1957	 1023	  563	  513
14/06/17 13:40:31	-1648	  508	  588	-4096	  978	-4096	 1023	  563	  513
14/06/17 13:40:31	-1648	  508	  588	-4096	  978	-4096	 1023	  562	  514
14/06/17 13:40:31	-1648	  508	  588	-4096	  522	-4096	 1023	  563	  513
14/06/17 13:40:31	 -908	  204	  576	-4096	  522	-4096	 1023	  566	  512
14/06/17 13:40:31	 -908	  204	  576	-4096	  873	-4096	 1023	  563	  513
14/06/17 13:40:31	 -908	  204	  576	-4096	  873	-4096	 1023	  564	  513
14/06/17 13:40:31	-1132	  836	  136	-4096	  829	-4096	 1023	  566	  512
14/06/17 13:40:31	-1132	  836	  136	-4096	 1025	-4096	 1023	  564	  512
14/06/17 13:40:31	-1116	  356	  368	-4096	 1025	-4096	 1023	  563	  514
14/06/17 13:40:31	-1116	  356	  368	-4096	  692	-4096	 1023	  566	  513
14/06/17 13:40:31	-1116	  356	  368	-4096	  975	-4096	 1023	  565	  512
14/06/17 13:40:31	-1868	  364	  208	-4096	  975	-4096	 1023	  567	  513
14/06/17 13:40:31	-1868	  364	  208	-4096	  695	-4096	 1023	  563	  514
14/06/17 13:40:31	-1868	  364	  208	-4096	  695	-4096	 1023	  562	  513
14/06/17 13:40:31	 -884	  404	  736	-4096	  728	-4096	 1023	  564	  513
14/06/17 13:40:31	 -884	  404	  736	-4096	  728	-4096	 1023	  564	  513
14/06/17 13:40:32	-1160	  380	  144	-4096	  695	-4096	 1023	  563	  513
14/06/17 13:40:32	-1160	  380	  144	-4096	  695	-4096	 1023	  565	  513
14/06/17 13:40:32	-1160	  380	  144	-4096	  763	-4096	 1023	  567	  513
14/06/17 13:40:32	-1068	  288	  260	-4096	  763	-4096	 1023	  566	  513
14/06/17 13:40:32	-1068	  288	  260	-4096	  704	 2010	 1023	  564	  513
14/06/17 13:40:32	-1068	  288	  260	-4096	  704	 2010	 1023	  565	  512
14/06/17 13:40:32	 -956	  336	  324	-4096	  714	 2016	 1023	  563	  513
14/06/17 13:40:32	 -956	  336	  324	-4096	  714	 2016	 1023	  567	  513
14/06/17 13:40:32	 -956	  336	  324	-4096	  710	 2006	 1023	  564	  513
14/06/17 13:40:32	-1028	  412	  320	-4096	  701	 1998	 1023	  563	  513
14/06/17 13:40:32	-1028	  412	  320	-4096	  701	 1998	 1023	  565	  513
14/06/17 13:40:32	-1028	  412	  320	-4096	  722	 2012	 1023	  561	  513
14/06/17 13:40:32	-1020	  308	  268	-4096	  722	 2012	 1023	  562	  513
14/06/17 13:40:32	-1020	  308	  268	-4096	  721	 1995	 1023	  564	  513
14/06/17 13:40:32	-1020	  308	  268	-4096	  721	 1995	 1023	  564	  513
14/06/17 13:40:32	 -760	  436	  324	-4096	  754	-4096	 1023	  563	  513
14/06/17 13:40:32	 -760	  436	  324	-4096	  754	-4096	 1023	  563	  513
14/06/17 13:40:32	 -760	  436	  324	-4096	  704	 2005	 1023	  565	  512
14/06/17 13:40:32	 -968	  320	  284	-4096	  704	 2005	 1023	  566	  513
14/06/17 13:40:32	 -968	  320	  284	-4096	  704	 2004	 1023	  564	  513
14/06/17 13:40:32	 -968	  320	  284	-4096	  704	 2004	 1023	  562	  514
14/06/17 13:40:32	 -976	  328	  288	-4096	  706	 2004	 1023	  566	  513
14/06/17 13:40:32	 -976	  328	  288	-4096	  706	 2004	 1023	  563	  513
14/06/17 13:40:32	 -976	  328	  288	-4096	  700	 2004	 1023	  561	  513
14/06/17 13:40:32	 -976	  324	  288	-4096	  700	 2004	 1023	  563	  513
14/06/17 13:40:32	 -976	  324	  288	-4096	  703	 2004	 1023	  565	  513
14/06/17 13:40:32	 -980	  336	  284	-4096	  704	 2004	 1023	  561	  513
14/06/17 13:40:32	 -980	  336	  284	-4096	  704	 2004	 1023	  565	  513
14/06/17 13:40:33	 -980	  336	  284	-4096	  708	 2007	 1023	  565	  513
14/06/17 13:40:33	 -976	  320	  280	-4096	  708	 2007	 1023	  564	  513
14/06/17 13:40:33	 -976	  320	  280	-4096	  708	 2004	 1023	  561	  513
14/06/17 13:40:33	 -976	  320	  280	-4096	  708	 2004	 1023	  563	  513
14/06/17 13:40:33	 -988	  324	  284	-4096	  709	 2003	 1023	  565	  512
14/06/17 13:40:33	 -988	  324	  284	-4096	  705	 2002	 1023	  566	  512
14/06/17 13:40:33	 -984	  328	  280	-4096	  705	 2002	 1023	  564	  513
14/06/17 13:40:33	 -984	  328	  280	-4096	  705	 2003	 1023	  565	  513
14/06/17 13:40:33	 -984	  328	  280	-4096	  705	 2003	 1023	  564	  513
14/06/17 13:40:33	 -976	  312	  288	-4096	  704	 2004	 1023	  561	  513
14/06/17 13:40:33	 -976	  312	  288	-4096	  704	 2004	 1023	  562	  513
14/06/17 13:40:33	 -976	  312	  288	-4096	  704	 2007	 1023	  563	  513
14/06/17 13:40:33	 -964	  324	  288	-4096	  711	 2004	 1023	  564	  513
14/06/17 13:40:33	 -964	  324	  288	-4096	  711	 2004	 1023	  564	  512
14/06/17 13:40:33	 -964	  324	  288	-4096	  707	 2007	 1023	  563	  513
14/06/17 13:40:33	 -976	  324	  288	-4096	  707	 2007	 1023	  563	  513
14/06/17 13:40:33	 -976	  324	  288	-4096	  708	 2005	 1023	  564	  513
14/06/17 13:40:33	 -976	  324	  284	-4096	  708	 2005	 1023	  565	  512
14/06/17 13:40:33	 -976	  324	  284	-4096	  704	 2004	 1023	  566	  513
14/06/17 13:40:33	 -976	  324	  284	-4096	  704	 2004	 1023	  563	  513
14/06/17 13:40:33	 -972	  324	  288	-4096	  703	 2003	 1023	  563	  513
14/06/17 13:40:33	 -972	  324	  288	-4096	  703	 2003	 1023	  563	  513
14/06/17 13:40:33	 -972	  324	  288	-4096	  706	 2004	 1023	  564	  513
14/06/17 13:40:33	 -980	  324	  292	-4096	  708	 2005	 1023	  566	  513
14/06/17 13:40:33	 -980	  324	  292	-4096	  708	 2005	 1023	  564	  513
14/06/17 13:40:33	 -980	  324	  292	-4096	  709	 2006	 1023	  564	  513
14/06/17 13:40:33	 -984	  320	  280	-4096	  709	 2006	 1023	  563	  513
14/06/17 13:40:33	 -984	  320	  280	-4096	  708	 2005	 1023	  567	  513
14/06/17 13:40:33	 -984	  320	  280	-4096	  708	 2005	 1023	  565	  513
14/06/17 13:40:34	 -976	  316	  280	-4096	  709	 2004	 1023	  563	  513
14/06/17 13:40:34	 -976	  316	  280	-4096	  709	 2004	 1023	  567	  513
14/06/17 13:40:34	 -976	  316	  280	-4096	  704	 2005	 1023	  564	  512
14/06/17 13:40:34	 -980	  324	  296	-4096	  704	 2005	 1023	  563	  513
14/06/17 13:40:34	 -980	  324	  296	-4096	  702	 2003	 1023	  562	  513
14/06/17 13:40:34	 -980	  324	  296	-4096	  706	 2004	 1023	  567	  513
14/06/17 13:40:34	 -984	  324	  292	-4096	  706	 2004	 1023	  566	  512
14/06/17 13:40:34	 -984	  324	  292	-4096	  705	 2003	 1023	  564	  513
14/06/17 13:40:34	 -984	  324	  280	-4096	  705	 2003	 1023	  565	  513
14/06/17 13:40:34	 -976	  320	  280	-4096	  706	 2002	 1023	  566	  513
14/06/17 13:40:34	 -976	  320	  280	-4096	  706	 2002	 1023	  566	  513
14/06/17 13:40:34	 -972	  320	  288	-4096	  710	 2002	 1023	  564	  512
14/06/17 13:40:34	 -972	  320	  288	-4096	  710	 2002	 1023	  566	  512
14/06/17 13:40:34	 -972	  320	  288	-4096	  707	 2004	 1023	  565	  512
14/06/17 13:40:34	 -980	  320	  288	-4096	  707	 2004	 1023	  561	  513
14/06/17 13:40:34	 -980	  320	  288	-4096	  703	 2005	 1023	  564	  513
14/06/17 13:40:34	 -980	  320	  288	-4096	  703	 2005	 1023	  564	  513
14/06/17 13:40:34	 -976	  320	  280	-4096	  703	 2003	 1023	  562	  513
14/06/17 13:40:34	 -976	  320	  280	-4096	  707	 2009	 1023	  565	  513
14/06/17 13:40:34	 -976	  320	  284	-4096	  707	 2009	 1023	  564	  513
14/06/17 13:40:34	 -976	  320	  284	-4096	  708	 2005	 1023	  566	  512
14/06/17 13:40:34	 -976	  320	  284	-4096	  708	 2005	 1023	  565	  512
14/06/17 13:40:34	 -976	  332	  284	-4096	  710	 2008	 1023	  566	  512
14/06/17 13:40:34	 -976	  332	  284	-4096	  710	 2008	 1023	  565	  512
14/06/17 13:40:34	 -976	  332	  284	-4096	  710	 2008	 1023	  564	  513
14/06/17 13:40:34	 -980	  328	  276	-4096	  707	 2003	 1023	  562	  513
14/06/17 13:40:34	 -980	  328	  276	-4096	  707	 2003	 1023	  564	  513
14/06/17 13:40:35	 -980	  328	  276	-4096	  704	 2004	 1023	  563	  513
14/06/17 13:40:35	 -976	  324	  284	-4096	  704	 2004	 1023	  566	  513
14/06/17 13:40:35	 -976	  324	  284	-4096	  703	 2004	 1023	  564	  513
14/06/17 13:40:35	 -976	  324	  284	-4096	  703	 2004	 1023	  564	  513
14/06/17 13:40:35	 -992	  316	  288	-4096	  704	 2004	 1023	  562	  513
14/06/17 13:40:35	 -992	  316	  288	-4096	  704	 2004	 1023	  565	  513
14/06/17 13:40:35	 -992	  316	  288	-4096	  706	 2003	 1023	  563	  513
14/06/17 13:40:35	 -984	  320	  284	-4096	  706	 2003	 1023	  563	  513
14/06/17 13:40:35	 -984	  320	  284	-4096	  710	 2005	 1023	  563	  513
14/06/17 13:40:35	 -984	  320	  284	-4096	  710	 2005	 1023	  566	  513
14/06/17 13:40:35	 -976	  324	  280	-4096	  707	 2003	 1023	  563	  513
14/06/17 13:40:35	 -976	  324	  280	-4096	  707	 2003	 1023	  566	  513
14/06/17 13:40:35	 -976	  324	  280	-4096	  709	 2006	 1023	  561	  513
14/06/17 13:40:35	 -980	  316	  284	-4096	  707	 1997	 1023	  561	  513
14/06/17 13:40:35	 -980	  316	  284	-4096	  707	 1997	 1023	  563	  513
14/06/17 13:40:35	 -972	  320	  288	-4096	  705	 2002	 1023	  563	  513
14/06/17 13:40:35	 -972	  320	  288	-4096	  705	 2002	 1023	  562	  513
14/06/17 13:40:35	 -972	  320	  288	-4096	  701	 2000	 1023	  562	  513
14/06/17 13:40:35	 -976	  324	  280	-4096	  701	 2000	 1023	  563	  513
14/06/17 13:40:35	 -976	  324	  280	-4096	  707	 2007	 1023	  564	  513
14/06/17 13:40:35	 -976	  324	  280	-4096	  707	 2007	 1023	  564	  513
14/06/17 13:40:35	 -980	  324	  280	-4096	  709	 2005	 1023	  564	  513
14/06/17 13:40:35	 -980	  324	  280	-4096	  709	 2005	 1023	  562	  513
14/06/17 13:40:35	 -980	  324	  280	-4096	  710	 2003	 1023	  566	  513
14/06/17 13:40:35	 -980	  316	  284	-4096	  710	 2003	 1023	  563	  513
14/06/17 13:40:35	 -980	  316	  284	-4096	  709	 2006	 1023	  562	  513
14/06/17 13:40:35	 -980	  316	  284	-4096	  704	 2003	 1023	  562	  513
14/06/17 13:40:35	 -968	  324	  284	-4096	  704	 2003	 1023	  565	  513
14/06/17 13:40:35	 -968	  324	  284	-4096	  705	 2005	 1023	  562	  513
14/06/17 13:40:36	 -968	  324	  284	-4096	  705	 2005	 1023	  565	  513
14/06/17 13:40:36	 -976	  332	  284	-4096	  706	 2003	 1023	  562	  513
14/06/17 13:40:36	 -976	  332	  284	-4096	  706	 2003	 1023	  565	  513
14/06/17 13:40:36	 -980	  316	  292	-4096	  705	 2003	 1023	  564	  513
14/06/17 13:40:36	 -980	  316	  292	-4096	  705	 2003	 1023	  563	  513
14/06/17 13:40:36	 -980	  316	  292	-4096	  705	 2003	 1023	  562	  513
14/06/17 13:40:36	 -976	  324	  284	-4096	  711	 2002	 1023	  565	  513
14/06/17 13:40:36	 -976	  324	  284	-4096	  711	 2002	 1023	  564	  513
14/06/17 13:40:36	 -976	  324	  284	-4096	  708	 2004	 1023	  563	  513
14/06/17 13:40:36	 -972	  320	  284	-4096	  708	 2004	 1023	  566	  513
14/06/17 13:40:36	 -972	  320	  284	-4096	  707	 2003	 1023	  565	  512
14/06/17 13:40:36	 -976	  324	  292	-4096	  707	 2003	 1023	  563	  513
14/06/17 13:40:36	 -976	  324	  292	-4096	  704	 2003	 1023	  563	  513
14/06/17 13:40:36	 -976	  324	  292	-4096	  704	 2002	 1023	  565	  513
14/06/17 13:40:36	 -980	  328	  288	-4096	  704	 2002	 1023	  561	  513
14/06/17 13:40:36	 -980	  328	  288	-4096	  708	 2004	 1023	  566	  512
14/06/17 13:40:36	 -980	  328	  288	-4096	  708	 2004	 1023	  566	  513
14/06/17 13:40:36	 -984	  320	  284	-4096	  708	 2000	 1023	  564	  512
14/06/17 13:40:36	 -984	  320	  284	-4096	  708	 2000	 1023	  565	  513
14/06/17 13:40:36	 -984	  320	  284	-4096	  710	 2003	 1023	  563	  513
14/06/17 13:40:36	 -976	  324	  292	-4096	  710	 2003	 1023	  564	  512
14/06/17 13:40:36	 -976	  324	  292	-4096	  706	 2003	 1023	  565	  513
14/06/17 13:40:36	 -976	  324	  292	-4096	  706	 2003	 1023	  564	  513
14/06/17 13:40:36	 -980	  324	  288	-4096	  704	 2003	 1023	  565	  512
14/06/17 13:40:36	 -980	  324	  288	-4096	  704	 2003	 1023	  565	  513
14/06/17 13:40:36	 -980	  324	  288	-4096	  706	 2003	 1023	  562	  513
14/06/17 13:40:36	 -984	  324	  288	-4096	  709	 2001	 1023	  563	  513
14/06/17 13:40:36	 -984	  324	  288	-4096	  709	 2001	 1023	  565	  512
14/06/17 13:40:37	 -984	  324	  288	-4096	  706	 2003	 1023	  565	  513
14/06/17 13:40:37	 -980	  316	  284	-4096	  706	 2003	 1023	  566	  513
14/06/17 13:40:37	 -980	  316	  284	-4096	  706	 2005	 1023	  562	  513
14/06/17 13:40:37	 -980	  316	  284	-4096	  706	 2005	 1023	  562	  513
14/06/17 13:40:37	 -976	  328	  288	-4096	  710	 2005	 1023	  564	  512
14/06/17 13:40:37	 -976	  328	  288	-4096	  710	 2005	 1023	  562	  513
14/06/17 13:40:37	 -980	  328	  280	-4096	  710	 2004	 1023	  566	  512
14/06/17 13:40:37	 -980	  328	  280	-4096	  710	 2004	 1023	  563	  513
14/06/17 13:40:37	 -980	  328	  280	-4096	  709	 2002	 1023	  563	  513
14/06/17 13:40:37	 -980	  328	  284	-4096	  704	 2001	 1023	  565	  513
14/06/17 13:40:37	 -980	  328	  284	-4096	  704	 2001	 1023	  566	  513
14/06/17 13:40:37	 -980	  328	  284	-4096	  705	 2002	 1023	  564	  513
14/06/17 13:40:37	 -972	  324	  276	-4096	  705	 2002	 1023	  564	  513
14/06/17 13:40:37	 -972	  324	  276	-4096	  711	 2003	 1023	  563	  513
14/06/17 13:40:37	 -972	  324	  276	-4096	  711	 2003	 1023	  564	  513
14/06/17 13:40:37	 -980	  328	  288	-4096	  707	 2003	 1023	  562	  513
14/06/17 13:40:37	 -980	  328	  288	-4096	  707	 2003	 1023	  562	  513
14/06/17 13:40:37	 -980	  328	  288	-4096	  709	 2007	 1023	  563	  513
14/06/17 13:40:37	 -988	  324	  288	-4096	  707	 2006	 1023	  564	  513
14/06/17 13:40:37	 -988	  324	  288	-4096	  707	 2006	 1023	  565	  513
14/06/17 13:40:37	 -972	  332	  292	-4096	  707	 2004	 1023	  566	  513
14/06/17 13:40:37	 -972	  332	  292	-4096	  707	 2004	 1023	  563	  513
14/06/17 13:40:37	 -972	  332	  292	-4096	  704	 2009	 1023	  565	  512
14/06/17 13:40:37	 -984	  324	  280	-4096	  704	 2009	 1023	  565	  512
14/06/17 13:40:37	 -984	  324	  280	-4096	  706	 2004	 1023	  566	  512
14/06/17 13:40:37	 -984	  324	  280	-4096	  706	 2004	 1023	  563	  513
14/06/17 13:40:37	 -984	  324	  308	-4096	  706	 2001	 1023	  561	  513
14/06/17 13:40:37	 -984	  324	  308	-4096	  709	 2003	 1023	  564	  513
14/06/17 13:40:38	 -980	  328	  284	-4096	  709	 2003	 1023	  563	  513
14/06/17 13:40:38	 -980	  328	  284	-4096	  709	 2003	 1023	  563	  513
14/06/17 13:40:38	 -980	  328	  284	-4096	  709	 2003	 1023	  564	  512
14/06/17 13:40:38	 -976	  320	  288	-4096	  708	 2004	 1023	  565	  513
14/06/17 13:40:38	 -976	  320	  288	-4096	  706	 2002	 1023	  565	  513
14/06/17 13:40:38	 -980	  324	  284	-4096	  706	 2002	 1023	  565	  513
14/06/17 13:40:38	 -980	  324	  284	-4096	  707	 2006	 1023	  566	  513
14/06/17 13:40:38	 -980	  324	  284	-4096	  707	 2006	 1023	  567	  513
14/06/17 13:40:38	 -976	  320	  284	-4096	  707	 2004	 1023	  564	  512
14/06/17 13:40:38	 -976	  320	  284	-4096	  707	 2004	 1023	  564	  512
14/06/17 13:40:38	 -976	  320	  284	-4096	  707	 2005	 1023	  563	  513
14/06/17 13:40:38	 -980	  324	  292	-4096	  707	 2005	 1023	  564	  512
14/06/17 13:40:38	 -980	  324	  292	-4096	  706	 2005	 1023	  561	  513
14/06/17 13:40:38	 -980	  324	  292	-4096	  706	 2005	 1023	  562	  513
14/06/17 13:40:38	 -976	  324	  284	-4096	  705	 2003	 1023	  564	  513
14/06/17 13:40:38	 -976	  324	  284	-4096	  710	 2005	 1023	  566	  513
14/06/17 13:40:38	 -976	  324	  284	-4096	  710	 2005	 1023	  566	  512
14/06/17 13:40:38	 -980	  320	  280	-4096	  705	 2003	 1023	  562	  513
14/06/17 13:40:38	 -980	  320	  280	-4096	  705	 2003	 1023	  562	  513
14/06/17 13:40:38	 -980	  320	  280	-4096	  704	 2004	 1023	  562	  513
14/06/17 13:40:38	 -980	  324	  284	-4096	  704	 2004	 1023	  564	  513
14/06/17 13:40:38	 -980	  324	  284	-4096	  708	 2003	 1023	  566	  512
14/06/17 13:40:38	 -980	  324	  284	-4096	  708	 2003	 1023	  565	  512
14/06/17 13:40:38	 -976	  324	  288	-4096	  706	 2006	 1023	  562	  513
14/06/17 13:40:38	 -976	  324	  288	-4096	  706	 2006	 1023	  565	  512
14/06/17 13:40:38	 -992	  320	  284	-4096	  707	 2005	 1023	  565	  513
14/06/17 13:40:38	 -984	  320	  284	-4096	  707	 2005	 1023	  564	  513
14/06/17 13:40:38	 -984	  320	  284	-4096	  706	 2006	 1023	  562	  513
14/06/17 13:40:39	 -976	  320	  280	-4096	  706	 2006	 1023	  566	  513
14/06/17 13:40:39	 -976	  320	  280	-4096	  705	 2004	 1023	  562	  513
14/06/17 13:40:39	 -976	  320	  280	-4096	  705	 2004	 1023	  563	  513
14/06/17 13:40:39	 -976	  324	  280	-4096	  703	 2003	 1023	  566	  512
14/06/17 13:40:39	 -976	  324	  280	-4096	  706	 2003	 1023	  562	  513
14/06/17 13:40:39	 -976	  324	  296	-4096	  706	 2005	 1023	  566	  512
14/06/17 13:40:39	 -976	  324	  296	-4096	  706	 2005	 1023	  564	  513
14/06/17 13:40:39	 -976	  324	  296	-4096	  706	 2002	 1023	  565	  513
14/06/17 13:40:39	 -980	  324	  288	-4096	  706	 2002	 1023	  565	  513
14/06/17 13:40:39	 -980	  324	  288	-4096	  707	 2001	 1023	  563	  513
14/06/17 13:40:39	 -980	  324	  288	-4096	  707	 2001	 1023	  564	  513
14/06/17 13:40:39	 -980	  324	  284	-4096	  708	 2005	 1023	  564	  513
14/06/17 13:40:39	 -980	  324	  284	-4096	  708	 2005	 1023	  564	  513
14/06/17 13:40:39	 -980	  324	  284	-4096	  707	 2004	 1023	  563	  513
14/06/17 13:40:39	 -980	  324	  288	-4096	  707	 2004	 1023	  565	  512
14/06/17 13:40:39	 -980	  324	  288	-4096	  706	 2002	 1023	  563	  513
14/06/17 13:40:39	 -980	  324	  288	-4096	  706	 2002	 1023	  565	  513
14/06/17 13:40:39	 -980	  328	  280	-4096	  707	 2007	 1023	  563	  513
14/06/17 13:40:39	 -980	  328	  280	-4096	  704	 2002	 1023	  565	  513
14/06/17 13:40:39	 -980	  328	  280	-4096	  704	 2002	 1023	  564	  513
14/06/17 13:40:39	 -976	  320	  292	-4096	  706	 2000	 1023	  565	  513
14/06/17 13:40:39	 -976	  320	  292	-4096	  706	 2000	 1023	  562	  513
14/06/17 13:40:39	 -980	  324	  280	-4096	  707	 2005	 1023	  563	  513
14/06/17 13:40:39	 -980	  324	  280	-4096	  707	 2005	 1023	  566	  512
14/06/17 13:40:39	 -980	  324	  280	-4096	  708	 2002	 1023	  562	  513
14/06/17 13:40:39	 -976	  316	  280	-4096	  708	 2002	 1023	  562	  513
14/06/17 13:40:39	 -976	  316	  280	-4096	  710	 2002	 1023	  566	  513
14/06/17 13:40:39	 -976	  316	  280	-4096	  710	 2002	 1023	  563	  513
14/06/17 13:40:40	 -976	  324	  288	-4096	  705	 2003	 1023	  565	  513
14/06/17 13:40:40	 -976	  324	  288	-4096	  705	 2003	 1023	  563	  513
14/06/17 13:40:40	 -976	  324	  288	-4096	  706	 2004	 1023	  565	  513
14/06/17 13:40:40	 -972	  316	  284	-4096	  707	 2007	 1023	  562	  513
14/06/17 13:40:40	 -972	  316	  284	-4096	  707	 2007	 1023	  561	  513
14/06/17 13:40:40	 -972	  316	  284	-4096	  711	 2003	 1023	  561	  513
14/06/17 13:40:40	 -976	  320	  284	-4096	  711	 2003	 1023	  566	  513
14/06/17 13:40:40	 -976	  320	  284	-4096	  707	 2002	 1023	  561	  513
14/06/17 13:40:40	 -976	  320	  284	-4096	  707	 2002	 1023	  565	  512
14/06/17 13:40:40	 -976	  320	  288	-4096	  707	 2002	 1023	  565	  513
14/06/17 13:40:40	 -976	  320	  288	-4096	  707	 2002	 1023	  565	  512
14/06/17 13:40:40	 -976	  320	  288	-4096	  706	 2001	 1023	  564	  513
14/06/17 13:40:40	 -980	  316	  272	-4096	  706	 2001	 1023	  564	  513
14/06/17 13:40:40	 -980	  316	  272	-4096	  705	 2002	 1023	  563	  513
14/06/17 13:40:40	 -980	  316	  272	-4096	  705	 2002	 1023	  564	  512
14/06/17 13:40:40	 -980	  320	  288	-4096	  706	 2002	 1023	  564	  513
14/06/17 13:40:40	 -980	  320	  288	-4096	  706	 2002	 1023	  564	  512
14/06/17 13:40:40	 -980	  320	  288	-4096	  708	 2001	 1023	  560	  513
14/06/17 13:40:40	 -976	  320	  296	-4096	  708	 2001	 1023	  566	  513
14/06/17 13:40:40	 -976	  320	  296	-4096	  709	 2005	 1023	  565	  513
14/06/17 13:40:40	 -976	  316	  276	-4096	  708	 2006	 1023	  563	  513
14/06/17 13:40:40	 -976	  316	  276	-4096	  708	 2006	 1023	  564	  512
14/06/17 13:40:40	 -976	  316	  276	-4096	  712	 2005	 1023	  565	  513
14/06/17 13:40:40	 -968	  324	  292	-4096	  707	 2005	 1023	  563	  513
14/06/17 13:40:40	 -968	  324	  292	-4096	  707	 2005	 1023	  564	  513
14/06/17 13:40:40	 -968	  324	  292	-4096	  703	 2005	 1023	  562	  513
14/06/17 13:40:40	 -976	  320	  288	-4096	  703	 2005	 1023	  563	  513
14/06/17 13:40:40	 -976	  320	  288	-4096	  705	 2004	 1023	  564	  513
14/06/17 13:40:41	 -976	  320	  288	-4096	  705	 2004	 1023	  563	  513
14/06/17 13:40:41	 -976	  324	  296	-4096	  707	 2003	 1023	  562	  513
14/06/17 13:40:41	 -976	  324	  296	-4096	  707	 2003	 1023	  566	  513
14/06/17 13:40:41	 -980	  324	  292	-4096	  708	 2000	 1023	  562	  513
14/06/17 13:40:41	 -980	  324	  292	-4096	  708	 2000	 1023	  562	  513
14/06/17 13:40:41	 -980	  324	  292	-4096	  707	 2006	 1023	  562	  513
14/06/17 13:40:41	 -976	  324	  284	-4096	  708	 2004	 1023	  565	  513
14/06/17 13:40:41	 -976	  324	  284	-4096	  708	 2004	 1023	  563	  513
14/06/17 13:40:41	 -976	  324	  284	-4096	  706	 2007	 1023	  563	  513
14/06/17 13:40:41	 -976	  328	  284	-4096	  706	 2007	 1023	  566	  513
14/06/17 13:40:41	 -976	  328	  284	-4096	  705	 2006	 1023	  564	  512
14/06/17 13:40:41	 -976	  328	  284	-4096	  705	 2006	 1023	  563	  513
14/06/17 13:40:41	 -984	  328	  288	-4096	  702	 2004	 1023	  565	  512
14/06/17 13:40:41	 -984	  328	  288	-4096	  702	 2004	 1023	  563	  513
14/06/17 13:40:41	 -984	  328	  288	-4096	  707	 2002	 1023	  565	  513
14/06/17 13:40:41	 -972	  320	  284	-4096	  707	 2002	 1023	  561	  513
14/06/17 13:40:41	 -972	  320	  284	-4096	  705	 2002	 1023	  564	  512
14/06/17 13:40:41	 -972	  320	  284	-4096	  705	 2002	 1023	  563	  513
14/06/17 13:40:41	 -976	  316	  292	-4096	  704	 2005	 1023	  561	  513
14/06/17 13:40:41	 -976	  316	  292	-4096	  707	 2004	 1023	  564	  513
14/06/17 13:40:41	 -980	  320	  296	-4096	  707	 2004	 1023	  563	  513
14/06/17 13:40:41	 -980	  320	  296	-4096	  710	 2002	 1023	  561	  513
14/06/17 13:40:41	 -980	  320	  296	-4096	  710	 2002	 1023	  563	  513
14/06/17 13:40:41	 -976	  316	  284	-4096	  707	 2003	 1023	  562	  513
14/06/17 13:40:41	 -976	  316	  284	-4096	  707	 2003	 1023	  562	  513
14/06/17 13:40:41	 -976	  316	  284	-4096	  706	 2002	 1023	  562	  513
14/06/17 13:40:41	 -976	  324	  284	-4096	  706	 2002	 1023	  563	  513
14/06/17 13:40:41	 -976	  324	  284	-4096	  709	 2007	 1023	  562	  513
14/06/17 13:40:41	 -976	  324	  284	-4096	  709	 2007	 1023	  565	  513
14/06/17 13:40:42	 -980	  316	  284	-4096	  706	 2004	 1023	  563	  513
14/06/17 13:40:42	 -980	  316	  284	-4096	  706	 2004	 1023	  564	  512
14/06/17 13:40:42	 -980	  316	  284	-4096	  708	 2004	 1023	  564	  513
14/06/17 13:40:42	 -976	  328	  288	-4096	  707	 2000	 1023	  565	  513
14/06/17 13:40:42	 -976	  328	  288	-4096	  707	 2000	 1023	  561	  513
14/06/17 13:40:42	 -972	  324	  284	-4096	  706	 2003	 1023	  563	  513
14/06/17 13:40:42	 -972	  324	  284	-4096	  706	 2003	 1023	  560	  513
14/06/17 13:40:42	 -972	  324	  284	-4096	  705	 2005	 1023	  561	  513
14/06/17 13:40:42	 -976	  324	  276	-4096	  705	 2003	 1023	  562	  513
14/06/17 13:40:42	 -976	  324	  276	-4096	  705	 2003	 1023	  563	  513
14/06/17 13:40:42	 -976	  324	  276	-4096	  706	 2006	 1023	  562	  513
14/06/17 13:40:42	 -972	  324	  288	-4096	  706	 2006	 1023	  562	  513
14/06/17 13:40:42	 -972	  324	  288	-4096	  708	 2005	 1023	  563	  513
14/06/17 13:40:42	 -972	  328	  280	-4096	  708	 2005	 1023	  565	  512
14/06/17 13:40:42	 -972	  328	  280	-4096	  706	 2005	 1023	  564	  513
14/06/17 13:40:42	 -972	  328	  280	-4096	  706	 2005	 1023	  561	  513
14/06/17 13:40:42	 -980	  324	  292	-4096	  710	 2006	 1023	  561	  513
14/06/17 13:40:42	 -980	  324	  292	-4096	  710	 2006	 1023	  562	  513
14/06/17 13:40:42	 -980	  324	  292	-4096	  707	 2006	 1023	  565	  513
14/06/17 13:40:42	 -980	  320	  280	-4096	  706	 2004	 1023	  565	  513
14/06/17 13:40:42	 -980	  320	  280	-4096	  706	 2004	 1023	  564	  512
14/06/17 13:40:42	 -980	  320	  280	-4096	  703	 2001	 1023	  563	  513
14/06/17 13:40:42	 -980	  328	  296	-4096	  703	 2001	 1023	  562	  513
14/06/17 13:40:42	 -980	  328	  296	-4096	  707	 2002	 1023	  562	  513
14/06/17 13:40:42	 -980	  328	  296	-4096	  707	 2002	 1023	  561	  513
14/06/17 13:40:42	 -976	  316	  288	-4096	  709	 2007	 1023	  563	  513
14/06/17 13:40:42	 -976	  316	  288	-4096	  709	 2007	 1023	  564	  513
14/06/17 13:40:43	 -976	  316	  288	-4096	  706	 2004	 1023	  566	  513
14/06/17 13:40:43	 -972	  324	  284	-4096	  707	 2003	 1023	  565	  513
14/06/17 13:40:43	 -972	  324	  284	-4096	  707	 2003	 1023	  563	  513
14/06/17 13:40:43	 -980	  324	  292	-4096	  709	 2004	 1023	  563	  513
14/06/17 13:40:43	 -980	  324	  292	-4096	  709	 2004	 1023	  563	  513
14/06/17 13:40:43	 -980	  324	  292	-4096	  705	 2005	 1023	  565	  513
14/06/17 13:40:43	 -976	  324	  288	-4096	  705	 2005	 1023	  565	  512
14/06/17 13:40:43	 -976	  324	  288	-4096	  704	 2005	 1023	  564	  513
14/06/17 13:40:43	 -976	  324	  288	-4096	  704	 2005	 1023	  563	  513
14/06/17 13:40:43	 -980	  320	  288	-4096	  706	 2008	 1023	  565	  512
14/06/17 13:40:43	 -980	  320	  288	-4096	  706	 2008	 1023	  562	  513
14/06/17 13:40:43	 -980	  320	  288	-4096	  707	 2002	 1023	  562	  513
14/06/17 13:40:43	 -988	  324	  284	-4096	  707	 2002	 1023	  565	  513
14/06/17 13:40:43	 -988	  324	  284	-4096	  709	 2002	 1023	  562	  513
14/06/17 13:40:43	 -988	  324	  284	-4096	  709	 2002	 1023	  561	  513
14/06/17 13:40:43	 -976	  320	  292	-4096	  707	 2005	 1023	  564	  513
14/06/17 13:40:43	 -976	  320	  292	-4096	  706	 2007	 1023	  563	  512
14/06/17 13:40:43	 -980	  320	  296	-4096	  708	 2006	 1023	  562	  513
14/06/17 13:40:43	 -980	  320	  296	-4096	  708	 2006	 1023	  562	  513
14/06/17 13:40:43	 -980	  320	  296	-4096	  709	 2005	 1023	  563	  512
14/06/17 13:40:43	 -980	  328	  284	-4096	  709	 2005	 1023	  563	  513
14/06/17 13:40:43	 -980	  328	  284	-4096	  705	 2006	 1023	  561	  513
14/06/17 13:40:43	 -980	  328	  284	-4096	  705	 2006	 1023	  562	  513
14/06/17 13:40:43	 -976	  320	  284	-4096	  710	 2000	 1023	  564	  513
14/06/17 13:40:43	 -976	  320	  284	-4096	  710	 2000	 1023	  566	  513
14/06/17 13:40:43	 -976	  320	  284	-4096	  708	 2003	 1023	  565	  512
14/06/17 13:40:43	 -980	  328	  292	-4096	  708	 2003	 1023	  565	  512
14/06/17 13:40:43	 -980	  328	  292	-4096	  706	 2004	 1023	  562	  513
14/06/17 13:40:44	 -980	  320	  284	-4096	  706	 2004	 1023	  565	  513
14/06/17 13:40:44	 -968	  320	  284	-4096	  705	 2003	 1023	  562	  513
14/06/17 13:40:44	 -968	  320	  284	-4096	  705	 2003	 1023	  563	  513
14/06/17 13:40:44	 -980	  328	  288	-4096	  704	 2002	 1023	  565	  512
14/06/17 13:40:44	 -980	  328	  288	-4096	  704	 2002	 1023	  563	  512
14/06/17 13:40:44	 -972	  316	  296	-4096	  707	 2009	 1023	  561	  513
14/06/17 13:40:44	 -972	  316	  296	-4096	  707	 2009	 1023	  562	  512
14/06/17 13:40:44	 -972	  316	  296	-4096	  708	 2003	 1023	  562	  513
14/06/17 13:40:44	 -976	  316	  292	-4096	  708	 2003	 1023	  565	  513
14/06/17 13:40:44	 -976	  316	  292	-4096	  705	 2001	 1023	  564	  513
14/06/17 13:40:44	 -976	  316	  292	-4096	  705	 2001	 1023	  564	  512
14/06/17 13:40:44	 -976	  320	  288	-4096	  708	 2007	 1023	  565	  513
14/06/17 13:40:44	 -976	  320	  288	-4096	  708	 2007	 1023	  565	  513
14/06/17 13:40:44	 -976	  320	  288	-4096	  704	 2000	 1023	  562	  513
14/06/17 13:40:44	 -980	  324	  284	-4096	  704	 2000	 1023	  561	  513
14/06/17 13:40:44	 -980	  324	  284	-4096	  703	 2004	 1023	  563	  513
14/06/17 13:40:44	 -980	  324	  284	-4096	  703	 2004	 1023	  563	  513
14/06/17 13:40:44	 -968	  316	  284	-4096	  705	 2003	 1023	  564	  513
14/06/17 13:40:44	 -968	  316	  284	-4096	  705	 2003	 1023	  565	  513
14/06/17 13:40:44	 -968	  316	  284	-4096	  706	 2001	 1023	  562	  513
14/06/17 13:40:44	 -972	  324	  288	-4096	  707	 2003	 1023	  566	  512
14/06/17 13:40:44	 -972	  324	  288	-4096	  707	 2003	 1023	  562	  513
14/06/17 13:40:44	 -976	  324	  292	-4096	  708	 2002	 1023	  561	  513
14/06/17 13:40:44	 -976	  324	  292	-4096	  708	 2002	 1023	  564	  513
14/06/17 13:40:44	 -976	  324	  292	-4096	  708	 2007	 1023	  565	  513
14/06/17 13:40:44	 -976	  328	  284	-4096	  708	 2007	 1023	  562	  513
14/06/17 13:40:44	 -976	  328	  284	-4096	  707	 2004	 1023	  564	  513
14/06/17 13:40:44	 -976	  328	  284	-4096	  707	 2003	 1023	  565	  513
14/06/17 13:40:45	 -984	  324	  288	-4096	  707	 2003	 1023	  562	  513
14/06/17 13:40:45	 -984	  324	  288	-4096	  704	 2004	 1023	  566	  513
14/06/17 13:40:45	 -984	  324	  288	-4096	  704	 2004	 1023	  563	  513
14/06/17 13:40:45	 -980	  324	  288	-4096	  706	 2003	 1023	  561	  513
14/06/17 13:40:45	 -980	  324	  288	-4096	  706	 2003	 1023	  565	  512
14/06/17 13:40:45	 -980	  324	  288	-4096	  707	 2003	 1023	  563	  513
14/06/17 13:40:45	 -976	  320	  284	-4096	  707	 2003	 1023	  561	  513
14/06/17 13:40:45	 -976	  320	  284	-4096	  709	 2004	 1023	  563	  513
14/06/17 13:40:45	 -976	  320	  284	-4096	  709	 2004	 1023	  563	  513
14/06/17 13:40:45	 -976	  320	  288	-4096	  707	 2006	 1023	  562	  513
14/06/17 13:40:45	 -976	  320	  288	-4096	  707	 2006	 1023	  562	  513
14/06/17 13:40:45	 -976	  320	  288	-4096	  707	 2004	 1023	  565	  513
14/06/17 13:40:45	 -972	  328	  284	-4096	  706	 2004	 1023	  565	  512
14/06/17 13:40:45	 -972	  328	  284	-4096	  706	 2004	 1023	  565	  513
14/06/17 13:40:45	 -980	  316	  304	-4096	  706	 2005	 1023	  562	  513
14/06/17 13:40:45	 -980	  316	  304	-4096	  706	 2005	 1023	  565	  513
14/06/17 13:40:45	 -980	  316	  304	-4096	  708	 2003	 1023	  563	  513
14/06/17 13:40:45	 -984	  328	  288	-4096	  708	 2003	 1023	  563	  513
14/06/17 13:40:45	 -984	  328	  288	-4096	  706	 2006	 1023	  562	  513
14/06/17 13:40:45	 -984	  316	  288	-4096	  708	 2007	 1023	  564	  513
14/06/17 13:40:45	 -984	  316	  288	-4096	  708	 2007	 1023	  562	  513
14/06/17 13:40:45	 -984	  316	  288	-4096	  705	 2004	 1023	  563	  513
14/06/17 13:40:45	 -980	  324	  288	-4096	  705	 2004	 1023	  561	  513
14/06/17 13:40:45	 -980	  324	  288	-4096	  706	 2001	 1023	  564	  513
14/06/17 13:40:45	 -980	  324	  288	-4096	  706	 2001	 1023	  562	  513
14/06/17 13:40:45	 -972	  324	  284	-4096	  705	 2003	 1023	  563	  513
14/06/17 13:40:45	 -972	  324	  284	-4096	  705	 2003	 1023	  564	  513
14/06/17 13:40:45	 -972	  324	  284	-4096	  708	 2004	 1023	  562	  513
14/06/17 13:40:46	 -976	  324	  280	-4096	  708	 2004	 1023	  562	  513
14/06/17 13:40:46	 -976	  324	  280	-4096	  706	 2001	 1023	  561	  513
14/06/17 13:40:46	 -976	  324	  280	-4096	  709	 2007	 1023	  564	  512
14/06/17 13:40:46	 -980	  320	  288	-4096	  709	 2007	 1023	  561	  513
14/06/17 13:40:46	 -980	  320	  288	-4096	  707	 2005	 1023	  562	  513
14/06/17 13:40:46	 -980	  320	  288	-4096	  708	 2003	 1023	  562	  513
14/06/17 13:40:46	 -980	  320	  288	-4096	  708	 2003	 1023	  564	  513
14/06/17 13:40:46	 -980	  320	  288	-4096	  709	 2003	 1023	  564	  513
14/06/17 13:40:46	 -976	  324	  284	-4096	  709	 2003	 1023	  562	  513
14/06/17 13:40:46	 -976	  324	  284	-4096	  707	 2007	 1023	  564	  513
14/06/17 13:40:46	 -976	  324	  284	-4096	  707	 2007	 1023	  567	  513
14/06/17 13:40:46	 -976	  320	  288	-4096	  706	 2003	 1023	  565	  513
14/06/17 13:40:46	 -976	  320	  288	-4096	  706	 2003	 1023	  565	  513
14/06/17 13:40:46	 -976	  324	  284	-4096	  706	 1998	 1023	  565	  513
14/06/17 13:40:46	 -976	  324	  284	-4096	  706	 1998	 1023	  565	  513
14/06/17 13:40:46	 -976	  324	  284	-4096	  709	 2004	 1023	  561	  513
14/06/17 13:40:46	 -980	  320	  288	-4096	  709	 2004	 1023	  563	  513
14/06/17 13:40:46	 -980	  320	  288	-4096	  712	 2007	 1023	  562	  513
14/06/17 13:40:46	 -980	  320	  288	-4096	  708	 1999	 1023	  564	  513
14/06/17 13:40:46	 -980	  316	  288	-4096	  708	 1999	 1023	  564	  513
14/06/17 13:40:46	 -980	  316	  288	-4096	  705	 2006	 1023	  561	  513
14/06/17 13:40:46	 -980	  316	  288	-4096	  705	 2006	 1023	  561	  513
14/06/17 13:40:46	 -980	  324	  288	-4096	  707	 2005	 1023	  562	  513
14/06/17 13:40:46	 -980	  324	  288	-4096	  707	 2005	 1023	  562	  513
14/06/17 13:40:46	 -980	  324	  288	-4096	  703	 2006	 1023	  563	  513
14/06/17 13:40:46	 -976	  320	  284	-4096	  703	 2006	 1023	  564	  513
14/06/17 13:40:46	 -976	  320	  284	-4096	  703	 2003	 1023	  562	  513
14/06/17 13:40:46	 -976	  320	  284	-4096	  705	 2002	 1023	  562	  513
14/06/17 13:40:47	 -976	  316	  288	-4096	  705	 2002	 1023	  561	  513
14/06/17 13:40:47	 -976	  316	  288	-4096	  707	 2005	 1023	  563	  513
14/06/17 13:40:47	 -972	  324	  292	-4096	  708	 2006	 1023	  564	  513
14/06/17 13:40:47	 -972	  324	  292	-4096	  708	 2006	 1023	  562	  513
14/06/17 13:40:47	 -972	  324	  292	-4096	  705	 2004	 1023	  563	  513
14/06/17 13:40:47	 -980	  328	  276	-4096	  705	 2004	 1023	  561	  513
14/06/17 13:40:47	 -980	  328	  276	-4096	  707	 2008	 1023	  562	  514
14/06/17 13:40:47	 -980	  324	  284	-4096	  707	 2008	 1023	  564	  513
14/06/17 13:40:47	 -980	  324	  284	-4096	  706	 2003	 1023	  565	  513
14/06/17 13:40:47	 -980	  324	  284	-4096	  706	 2003	 1023	  566	  513
14/06/17 13:40:47	 -980	  324	  288	-4096	  706	 2002	 1023	  565	  513
14/06/17 13:40:47	 -980	  324	  288	-4096	  709	 2006	 1023	  566	  513
14/06/17 13:40:47	 -980	  324	  288	-4096	  709	 2006	 1023	  564	  513
14/06/17 13:40:47	 -972	  324	  288	-4096	  708	 2001	 1023	  565	  513
14/06/17 13:40:47	 -972	  324	  288	-4096	  708	 2001	 1023	  566	  513
14/06/17 13:40:47	 -972	  324	  288	-4096	  706	 2002	 1023	  561	  513
14/06/17 13:40:47	 -976	  324	  284	-4096	  706	 2002	 1023	  565	  513
14/06/17 13:40:47	 -976	  324	  284	-4096	  710	 2003	 1023	  564	  513
14/06/17 13:40:47	 -976	  324	  284	-4096	  710	 2003	 1023	  561	  513
14/06/17 13:40:47	 -980	  312	  280	-4096	  706	 2004	 1023	  561	  513
14/06/17 13:40:47	 -980	  312	  280	-4096	  706	 2004	 1023	  563	  513
14/06/17 13:40:47	 -980	  312	  280	-4096	  706	 2003	 1023	  561	  513
14/06/17 13:40:47	 -984	  332	  280	-4096	  706	 2003	 1023	  563	  513
14/06/17 13:40:47	 -984	  332	  280	-4096	  710	 2006	 1023	  566	  512
14/06/17 13:40:47	 -984	  332	  280	-4096	  710	 2006	 1023	  562	  513
14/06/17 13:40:47	 -980	  324	  284	-4096	  708	 2008	 1023	  565	  513
14/06/17 13:40:47	 -980	  324	  284	-4096	  708	 2006	 1023	  565	  513
14/06/17 13:40:48	 -980	  320	  280	-4096	  708	 2006	 1023	  563	  513
14/06/17 13:40:48	 -980	  320	  280	-4096	  708	 2005	 1023	  563	  513
14/06/17 13:40:48	 -980	  320	  280	-4096	  708	 2005	 1023	  564	  513
14/06/17 13:40:48	 -976	  324	  292	-4096	  707	 2007	 1023	  564	  513
14/06/17 13:40:48	 -976	  324	  292	-4096	  707	 2007	 1023	  563	  513
14/06/17 13:40:48	 -976	  324	  292	-4096	  708	 2003	 1023	  566	  513
14/06/17 13:40:48	 -976	  320	  292	-4096	  708	 2003	 1023	  562	  513
14/06/17 13:40:48	 -976	  320	  292	-4096	  704	 2004	 1023	  565	  513
14/06/17 13:40:48	 -976	  320	  292	-4096	  710	 2004	 1023	  565	  513
14/06/17 13:40:48	 -980	  320	  284	-4096	  710	 2004	 1023	  564	  513
14/06/17 13:40:48	 -980	  320	  284	-4096	  709	 2004	 1023	  564	  513
14/06/17 13:40:48	 -980	  320	  284	-4096	  709	 2004	 1023	  563	  513
14/06/17 13:40:48	 -988	  328	  292	-4096	  711	 2006	 1023	  561	  513
14/06/17 13:40:48	 -988	  328	  292	-4096	  711	 2006	 1023	  564	  513
14/06/17 13:40:48	 -980	  328	  292	-4096	  709	 2004	 1023	  566	  513
14/06/17 13:40:48	 -980	  328	  292	-4096	  708	 2008	 1023	  562	  513
14/06/17 13:40:48	 -980	  324	  284	-4096	  708	 2008	 1023	  562	  513
14/06/17 13:40:48	 -980	  324	  284	-4096	  708	 2005	 1023	  562	  513
14/06/17 13:40:48	 -980	  324	  284	-4096	  708	 2005	 1023	  564	  513
14/06/17 13:40:48	 -976	  320	  284	-4096	  706	 2001	 1023	  566	  513
14/06/17 13:40:48	 -976	  320	  284	-4096	  706	 2006	 1023	  566	  513
14/06/17 13:40:48	 -976	  320	  284	-4096	  706	 2006	 1023	  565	  513
14/06/17 13:40:48	 -976	  324	  280	-4096	  706	 2003	 1023	  565	  513
14/06/17 13:40:48	 -976	  324	  280	-4096	  706	 2003	 1023	  561	  513
14/06/17 13:40:48	 -976	  324	  280	-4096	  709	 2005	 1023	  563	  513
14/06/17 13:40:48	 -988	  324	  284	-4096	  709	 2005	 1023	  563	  513
14/06/17 13:40:48	 -988	  324	  284	-4096	  709	 2006	 1023	  561	  513
14/06/17 13:40:48	 -988	  324	  284	-4096	  709	 2006	 1023	  561	  513
14/06/17 13:40:49	 -984	  320	  280	-4096	  708	 2008	 1023	  564	  513
14/06/17 13:40:49	 -984	  320	  280	-4096	  708	 2008	 1023	  562	  513
14/06/17 13:40:49	 -984	  320	  280	-4096	  705	 2005	 1023	  561	  513
14/06/17 13:40:49	 -972	  320	  292	-4096	  705	 2005	 1023	  562	  513
14/06/17 13:40:49	 -972	  320	  292	-4096	  706	 2005	 1023	  562	  513
14/06/17 13:40:49	 -980	  320	  292	-4096	  707	 2006	 1023	  564	  513
14/06/17 13:40:49	 -980	  320	  292	-4096	  707	 2006	 1023	  562	  513
14/06/17 13:40:49	 -980	  320	  292	-4096	  705	 2002	 1023	  564	  512
14/06/17 13:40:49	 -976	  320	  276	-4096	  705	 2002	 1023	  564	  513
14/06/17 13:40:49	 -976	  320	  276	-4096	  706	 2004	 1023	  563	  513
14/06/17 13:40:49	 -976	  320	  276	-4096	  706	 2004	 1023	  564	  513
14/06/17 13:40:49	 -980	  320	  284	-4096	  708	 2005	 1023	  563	  513
14/06/17 13:40:49	 -980	  320	  284	-4096	  708	 2005	 1023	  562	  513
14/06/17 13:40:49	 -980	  320	  284	-4096	  709	 2003	 1023	  561	  513
14/06/17 13:40:49	 -984	  320	  284	-4096	  710	 2005	 1023	  561	  513
14/06/17 13:40:49	 -984	  320	  284	-4096	  710	 2005	 1023	  562	  513
14/06/17 13:40:49	 -984	  320	  284	-4096	  709	 2003	 1023	  564	  512
14/06/17 13:40:49	 -980	  320	  280	-4096	  709	 2003	 1023	  562	  513
14/06/17 13:40:49	 -980	  320	  280	-4096	  706	 2000	 1023	  561	  513
14/06/17 13:40:49	 -980	  320	  280	-4096	  706	 2000	 1023	  562	  513
14/06/17 13:40:49	 -976	  328	  284	-4096	  707	 2006	 1023	  564	  512
14/06/17 13:40:49	 -976	  328	  284	-4096	  707	 2006	 1023	  565	  513
14/06/17 13:40:49	 -980	  316	  296	-4096	  708	 2003	 1023	  562	  513
14/06/17 13:40:49	 -980	  316	  296	-4096	  704	 2004	 1023	  563	  513
14/06/17 13:40:49	 -980	  316	  296	-4096	  704	 2004	 1023	  561	  513
14/06/17 13:40:49	 -988	  320	  284	-4096	  707	 2006	 1023	  565	  513
14/06/17 13:40:49	 -988	  320	  284	-4096	  707	 2006	 1023	  563	  513
14/06/17 13:40:50	 -980	  324	  288	-4096	  706	 2003	 1023	  566	  513
14/06/17 13:40:50	 -980	  324	  288	-4096	  706	 2003	 1023	  563	  513
14/06/17 13:40:50	 -980	  324	  288	-4096	  706	 2003	 1023	  563	  513
14/06/17 13:40:50	 -980	  320	  284	-4096	  706	 2003	 1023	  562	  513
14/06/17 13:40:50	 -980	  320	  284	-4096	  706	 2003	 1023	  563	  513
14/06/17 13:40:50	 -980	  320	  284	-4096	  708	 2005	 1023	  565	  512
14/06/17 13:40:50	 -980	  324	  284	-4096	  708	 2005	 1023	  564	  513
14/06/17 13:40:50	 -980	  324	  284	-4096	  705	 2007	 1023	  563	  513
14/06/17 13:40:50	 -980	  324	  284	-4096	  705	 2007	 1023	  565	  512
14/06/17 13:40:50	 -976	  324	  284	-4096	  707	 2006	 1023	  565	  512
14/06/17 13:40:50	 -976	  324	  284	-4096	  707	 2006	 1023	  562	  513
14/06/17 13:40:50	 -976	  324	  284	-4096	  706	 2003	 1023	  563	  513
14/06/17 13:40:50	 -980	  324	  284	-4096	  707	 2006	 1023	  564	  513
14/06/17 13:40:50	 -980	  324	  284	-4096	  707	 2006	 1023	  565	  513
14/06/17 13:40:50	 -984	  320	  264	-4096	  705	 2003	 1023	  564	  513
14/06/17 13:40:50	 -984	  320	  264	-4096	  705	 2003	 1023	  563	  513
14/06/17 13:40:50	 -984	  320	  264	-4096	  707	 2003	 1023	  565	  513
14/06/17 13:40:50	 -984	  328	  288	-4096	  707	 2003	 1023	  565	  513
14/06/17 13:40:50	 -984	  328	  288	-4096	  709	 2004	 1023	  564	  513
14/06/17 13:40:50	 -984	  328	  288	-4096	  709	 2004	 1023	  563	  513
14/06/17 13:40:50	 -980	  320	  288	-4096	  710	 2003	 1023	  566	  512
14/06/17 13:40:50	 -980	  320	  288	-4096	  710	 2003	 1023	  565	  513
14/06/17 13:40:50	 -980	  320	  288	-4096	  707	 2003	 1023	  562	  513
14/06/17 13:40:50	 -976	  316	  284	-4096	  707	 2003	 1023	  564	  513
14/06/17 13:40:50	 -976	  316	  284	-4096	  708	 2002	 1023	  564	  512
14/06/17 13:40:50	 -976	  316	  284	-4096	  706	 2005	 1023	  561	  513
14/06/17 13:40:50	 -980	  324	  284	-4096	  706	 2005	 1023	  565	  513
14/06/17 13:40:50	 -980	  324	  284	-4096	  704	 2003	 1023	  565	  513
14/06/17 13:40:50	 -980	  324	  284	-4096	  704	 2003	 1023	  564	  513
14/06/17 13:40:51	 -972	  320	  288	-4096	  705	 2004	 1023	  563	  513
14/06/17 13:40:51	 -972	  320	  288	-4096	  705	 2004	 1023	  563	  513
14/06/17 13:40:51	 -980	  320	  296	-4096	  707	 2003	 1023	  564	  513
14/06/17 13:40:51	 -980	  320	  296	-4096	  707	 2003	 1023	  564	  512
14/06/17 13:40:51	 -980	  320	  296	-4096	  710	 2002	 1023	  565	  513
14/06/17 13:40:51	 -984	  324	  284	-4096	  710	 2002	 1023	  565	  512
14/06/17 13:40:51	 -984	  324	  284	-4096	  709	 2002	 1023	  565	  513
14/06/17 13:40:51	 -984	  324	  284	-4096	  707	 2003	 1023	  563	  513
14/06/17 13:40:51	 -976	  328	  284	-4096	  707	 2003	 1023	  562	  513
14/06/17 13:40:51	 -976	  328	  284	-4096	  708	 2004	 1023	  566	  513
14/06/17 13:40:51	 -976	  328	  284	-4096	  708	 2004	 1023	  563	  513
14/06/17 13:40:51	 -976	  320	  288	-4096	  706	 2006	 1023	  564	  513
14/06/17 13:40:51	 -976	  320	  288	-4096	  705	 2008	 1023	  564	  513
14/06/17 13:40:51	 -988	  324	  292	-4096	  705	 2008	 1023	  562	  513
14/06/17 13:40:51	 -988	  324	  292	-4096	  708	 2006	 1023	  566	  513
14/06/17 13:40:51	 -988	  324	  292	-4096	  708	 2006	 1023	  561	  513
14/06/17 13:40:51	 -980	  324	  284	-4096	  708	 2002	 1023	  564	  512
14/06/17 13:40:51	 -980	  324	  284	-4096	  708	 2002	 1023	  561	  513
14/06/17 13:40:51	 -976	  320	  284	-4096	  707	 2005	 1023	  563	  513
14/06/17 13:40:51	 -976	  320	  284	-4096	  707	 2001	 1023	  565	  513
14/06/17 13:40:51	 -976	  320	  284	-4096	  707	 2001	 1023	  561	  513
14/06/17 13:40:51	 -984	  316	  288	-4096	  708	 2004	 1023	  565	  513
14/06/17 13:40:51	 -984	  316	  288	-4096	  708	 2004	 1023	  564	  513
14/06/17 13:40:51	 -984	  316	  288	-4096	  710	 2002	 1023	  565	  512
14/06/17 13:40:51	 -980	  316	  292	-4096	  710	 2002	 1023	  563	  513
14/06/17 13:40:51	 -980	  316	  292	-4096	  706	 2004	 1023	  564	  513
14/06/17 13:40:51	 -980	  316	  292	-4096	  706	 2004	 1023	  565	  513
14/06/17 13:40:52	 -976	  320	  292	-4096	  707	 2004	 1023	  565	  512
14/06/17 13:40:52	 -976	  320	  292	-4096	  707	 2004	 1023	  563	  513
14/06/17 13:40:52	 -976	  320	  292	-4096	  709	 2005	 1023	  562	  513
14/06/17 13:40:52	 -980	  320	  280	-4096	  709	 2005	 1023	  564	  513
14/06/17 13:40:52	 -980	  320	  280	-4096	  710	 2006	 1023	  562	  513
14/06/17 13:40:52	 -980	  320	  280	-4096	  710	 2006	 1023	  563	  513
14/06/17 13:40:52	 -976	  320	  288	-4096	  709	 2002	 1023	  564	  513
14/06/17 13:40:52	 -976	  320	  288	-4096	  707	 2010	 1023	  564	  513
14/06/17 13:40:52	 -976	  320	  288	-4096	  707	 2010	 1023	  563	  513
14/06/17 13:40:52	 -980	  324	  288	-4096	  707	 2002	 1023	  566	  513
14/06/17 13:40:52	 -980	  324	  288	-4096	  707	 2002	 1023	  562	  513
14/06/17 13:40:52	 -980	  320	  284	-4096	  706	 2001	 1023	  562	  513
14/06/17 13:40:52	 -980	  320	  284	-4096	  706	 2001	 1023	  564	  512
14/06/17 13:40:52	 -980	  320	  284	-4096	  706	 2006	 1023	  564	  512
14/06/17 13:40:52	 -976	  324	  288	-4096	  708	 2006	 1023	  562	  513
14/06/17 13:40:52	 -976	  324	  288	-4096	  708	 2006	 1023	  566	  513
14/06/17 13:40:52	 -976	  324	  288	-4096	  707	 2002	 1023	  563	  513
14/06/17 13:40:52	 -976	  324	  300	-4096	  707	 2002	 1023	  566	  513
14/06/17 13:40:52	 -976	  324	  300	-4096	  705	 2003	 1023	  564	  512
14/06/17 13:40:52	 -976	  324	  3    J